Poses:
0 40 30 0
1 40.005 30 0
2 40.01 30 0
3 40.015 30 0
4 40.02 30 0
5 40.025 30 0
6 40.03 30 0
7 40.035 30 0
8 40.04 30 0
9 40.045 30 0
10 40.05 30 0
11 40.055 30 0
12 40.06 30 0
13 40.065 30 0
14 40.07 30 0
15 40.075 30 0
16 40.08 30 0
17 40.085 30 0
18 40.09 30 0
19 40.095 30 0
20 40.1 30 0
21 40.105 30 0
22 40.11 30 0
23 40.115 30 0
24 40.12 30 0
25 40.13 30 0
26 40.145 30 0
27 40.165 30 0
28 40.185 30 0
29 40.21 30 0
30 40.235 30 0
31 40.265 30 0
32 40.3 30 0
33 40.335 30 0
34 40.375 30 0
35 40.42 30 0
36 40.465 30 0
37 40.515 30 0
38 40.57 30 0
39 40.625 30 0
40 40.685 30 0
41 40.75 30 0
42 40.815 30 0
43 40.885 30 0
44 40.96 30 0
45 41.035 30 0
46 41.115 30 0
47 41.2 30 0
48 41.285 30 0
49 41.375 30 0
50 41.47 30 0
51 41.565 30 0
52 41.665 30 0
53 41.77 30 0
54 41.875 30 0
55 41.985 30 0
56 42.1 30 0
57 42.215 30 0
58 42.335 30 0
59 42.46 30 0
60 42.585 30 0
61 42.715 30 0
62 42.85 30 0
63 42.985 30 0
64 43.125 30 0
65 43.27 30 0
66 43.415 30 0
67 43.56 30 0
68 43.705 30 0
69 43.85 30 0
70 43.995 30 0
71 44.14 30 0
72 44.285 30 0
73 44.43 30 0
74 44.57 30 0
75 44.71 30 0
76 44.85 30 0
77 44.99 30 0
78 45.13 30 0
79 45.27 30 0
80 45.41 30 0
81 45.55 30 0
82 45.69 30 0
83 45.83 30 0
84 45.97 30 0
85 46.11 30 0
86 46.25 30 0
87 46.39 30 0
88 46.53 30 0
89 46.67 30 0
90 46.81 30 0
91 46.95 30 0
92 47.09 30 0
93 47.23 30 0
94 47.37 30 0
95 47.51 30 0
96 47.65 30 0
97 47.79 30 0
98 47.925 30 0
99 48.055 30 0
100 48.185 30 0
101 48.31 30 0
102 48.43 30 0
103 48.55 30 0
104 48.665 30 0
105 48.775 30 0
106 48.885 30 0
107 48.99 30 0
108 49.09 30 0
109 49.19 30 0
110 49.285 30 0
111 49.375 30 0
112 49.465 30 0
113 49.55 30 0
114 49.63 30 0
115 49.71 30 0
116 49.785 30 0
117 49.855 30 0
118 49.925 30 0
119 49.995 30 0
120 50.065 30 0
121 50.135 30 0
122 50.205 30 0
123 50.275 30 0
124 50.345 30 0
125 50.415 30 0
126 50.485 30 0
127 50.555 30 0
128 50.625 30 0
129 50.695 30 0
130 50.765 30 0
131 50.835 30 0
132 50.905 30 0
133 50.975 30 0
134 51.045 30 0
135 51.115 30 0
136 51.185 30 0
137 51.255 30 0
138 51.325 30 0
139 51.395 30 0
140 51.465 30 0
141 51.535 30 0
142 51.605 30 0
143 51.675 30 0
144 51.745 30 0
145 51.815 30 0
146 51.885 30 0
147 51.955 30 0
148 52.025 30 0
149 52.095 30 0
150 52.165 30 0
151 52.235 30 0
152 52.305 30 0
153 52.375 30 0
154 52.445 30 0
155 52.515 30 0
156 52.585 30 0
157 52.655 30 0
158 52.725 30 0
159 52.795 30 0
160 52.865 30 0
161 52.935 30 0
162 53.005 30 0
163 53.075 30 0
164 53.145 30 0
165 53.215 30 0
166 53.285 30 0
167 53.355 30 0
168 53.425 30 0
169 53.495 30 0
170 53.565 30 0
171 53.635 30 0
172 53.705 30 0
173 53.775 30 0
174 53.845 30 0
175 53.915 30 0
176 53.985 30 0
177 54.055 30 0
178 54.125 30 0
179 54.195 30 0
180 54.265 30 0
181 54.335 30 0
182 54.405 30 0
183 54.475 30 0
184 54.545 30 0
185 54.615 30 0
186 54.685 30 0
187 54.755 30 0
188 54.825 30 0
189 54.895 30 0
190 54.965 30 0
191 55.035 30 0
192 55.105 30 0
193 55.175 30 0
194 55.245 30 0
195 55.315 30 0
196 55.385 30 0
197 55.455 30 0
198 55.525 30 0
199 55.595 30 0
200 55.665 30 0
201 55.735 30 0
202 55.805 30 0
203 55.875 30 0
204 55.945 30 0
205 56.015 30 0
206 56.085 30 0
207 56.155 30 0
208 56.225 30 0
209 56.295 30 0
210 56.365 30 0
211 56.435 30 0
212 56.505 30 0
213 56.575 30 0
214 56.645 30 0
215 56.715 30 0
216 56.785 30 0
Landmarks:
Measurements:
